GBPUSD
22 1.221
NO SPREAD
	2021 1562.62
	2022 6031.58
	TP: 11	SL: -200
	max: 22 / 24 83%
	-171.88,232.52,-33.80,-173.94,5.42,-398.80,77.04,207.05,231.82,762.37,572.34,252.48,197.58,353.26,661.26,623.00,668.58,444.08,512.65,691.05,274.55,839.51,567.32,198.75
	-398.80,-173.94,-171.88,-33.80,5.42,77.04,197.58,198.75,207.05,231.82,232.52,252.48,274.55,353.26,444.08,512.65,567.32,572.34,623.00,661.26,668.58,691.05,762.37,839.51
SPREAD 1.20
	2022: 1939.96
	TP: 11	SL: -200
	max: 10 / 12 83%
	-121.58,53.66,279.67,321.03,253.45,104.15,132.06,288.37,-21.26,397.52,140.46,112.44
	-121.58,-21.26,53.66,104.15,112.44,132.06,140.46,253.45,279.67,288.37,321.03,397.52
curl -X POST http://trade.raitis.co.uk/3/244/0/13.41/sell/GBPUSD/0.1/3/true 

EURUSD 
21 1.239
23.3k 112/132 85% TP50 SL -410 http://trade.raitis.co.uk/2/476.7/0/58.1/sell/EURUSD/0.1 	
3215.99, 1675.17, 1889.35, 2252.51, 3975.52, 1901.85, 1914.92, 1008.35, 1523.66, 1443.80, 2744.64
106.50,147.18,546.70,314.88,221.55,456.00,123.36,156.24,337.13,259.05,265.74,281.66,-98.04,177.11,43.03,409.32,440.78,-163.35,134.59,126.59,380.36,-33.23,302.01,-44.00,-71.78,39.83,133.44,52.61,219.47,122.65,-87.89,98.45,527.18,-46.67,600.00,302.05,-164.26,375.15,35.15,102.32,141.36,243.70,488.60,15.75,292.84,77.79,302.06,342.04,597.63,327.88,497.88,257.22,338.54,22.82,549.86,325.46,245.80,368.35,182.30,261.76,-19.30,233.75,157.77,7.41,219.14,29.00,18.68,540.63,-98.28,324.51,240.61,247.94,225.35,433.28,202.18,49.60,121.84,237.36,88.54,-19.16,134.64,293.81,57.81,89.66,41.64,120.59,158.55,77.81,61.56,36.74,199.43,111.16,-83.64,-18.03,9.55,293.00,192.74,57.17,394.22,81.53,-45.86,191.50,271.10,95.34,-39.75,190.80,20.28,114.58,-76.82,142.93,234.35,177.64,-99.49,197.20,-3.32,178.33,-64.86,206.85,282.97,268.03,437.20,133.81,222.26,284.86,149.93,314.91,168.56,71.64,262.21,349.26,350.00,0.00
-164.26,-163.35,-99.49,-98.28,-98.04,-87.89,-83.64,-76.82,-71.78,-64.86,-46.67,-45.86,-44.00,-39.75,-33.23,-19.30,-19.16,-18.03,-3.32,0.00,7.41,9.55,15.75,18.68,20.28,22.82,29.00,35.15,36.74,39.83,41.64,43.03,49.60,52.61,57.17,57.81,61.56,71.64,77.79,77.81,81.53,88.54,89.66,95.34,98.45,102.32,106.50,111.16,114.58,120.59,121.84,122.65,123.36,126.59,133.44,133.81,134.59,134.64,141.36,142.93,147.18,149.93,156.24,157.77,158.55,168.56,177.11,177.64,178.33,182.30,190.80,191.50,192.74,197.20,199.43,202.18,206.85,219.14,219.47,221.55,222.26,225.35,233.75,234.35,237.36,240.61,243.70,245.80,247.94,257.22,259.05,261.76,262.21,265.74,268.03,271.10,281.66,282.97,284.86,292.84,293.00,293.81,302.01,302.05,302.06,314.88,314.91,324.51,325.46,327.88,337.13,338.54,342.04,349.26,350.00,368.35,375.15,380.36,394.22,409.32,433.28,437.20,440.78,456.00,488.60,497.88,527.18,540.63,546.70,549.86,597.63,600.00

GBPUSD 
20 1.22 
35k  116/132  89% TP68 SL -530 http://trade.raitis.co.uk/2/616.3/0/79/sell/GBPUSD/0.1
3942.11, 2412.12, 1306.65, 2971.07, 3133.96, 2541.31, 3614.10, 3320.12, 4865.85, 3078.98, 3382.53
289.12,325.47,671.92,338.82,-83.58,409.75,612.34,368.64,298.63,305.69,205.95,199.36,-7.76,310.73,169.46,457.77,29.22,405.05,406.46,53.90,543.54,-171.88,154.70,60.92,274.04,-32.34,83.11,90.99,45.21,119.63,67.94,62.21,371.42,-170.24,175.77,218.91,272.52,174.36,166.05,471.30,-135.41,107.94,296.63,-38.15,649.58,411.29,381.54,213.41,120.07,340.93,501.43,207.47,671.97,-103.36,541.97,197.47,61.03,-219.76,315.39,499.34,544.66,580.49,423.86,-70.92,154.98,-35.14,316.93,-311.58,499.74,-143.70,32.75,549.25,140.71,777.58,190.39,301.88,429.59,126.06,335.10,291.69,217.57,323.44,105.93,374.17,614.41,84.18,542.94,340.89,289.46,221.97,-37.55,274.92,226.51,138.10,397.10,227.19,212.81,707.89,306.12,418.90,524.22,617.74,400.12,-78.42,440.14,616.24,314.17,385.93,577.00,252.99,273.87,121.47,10.87,144.69,427.41,136.26,352.13,245.08,99.29,437.93,104.73,197.92,487.27,137.47,85.49,261.14,146.93,267.24,574.82,822.97,296.54,0.00
-311.58,-219.76,-171.88,-170.24,-143.70,-135.41,-103.36,-83.58,-78.42,-70.92,-38.15,-37.55,-35.14,-32.34,-7.76,0.00,10.87,29.22,32.75,45.21,53.90,60.92,61.03,62.21,67.94,83.11,84.18,85.49,90.99,99.29,104.73,105.93,107.94,119.63,120.07,121.47,126.06,136.26,137.47,138.10,140.71,144.69,146.93,154.70,154.98,166.05,169.46,174.36,175.77,190.39,197.47,197.92,199.36,205.95,207.47,212.81,213.41,217.57,218.91,221.97,226.51,227.19,245.08,252.99,261.14,267.24,272.52,273.87,274.04,274.92,289.12,289.46,291.69,296.54,296.63,298.63,301.88,305.69,306.12,310.73,314.17,315.39,316.93,323.44,325.47,335.10,338.82,340.89,340.93,352.13,368.64,371.42,374.17,381.54,385.93,397.10,400.12,405.05,406.46,409.75,411.29,418.90,423.86,427.41,429.59,437.93,440.14,457.77,471.30,487.27,499.34,499.74,501.43,524.22,541.97,542.94,543.54,544.66,549.25,574.82,577.00,580.49,612.34,614.41,616.24,617.74,649.58,671.92,671.97,707.89,777.58,822.97

GBPCHF 
21 1.239
27.6k 117/132 89% TP56 SL -510 http://trade.raitis.co.uk/2/586.2/0/64.4/sell/GBPCHF/0.1
1610.10, 1680.14, 2019.47, 2113.55, 2192.43, 2231.33, 2326.94, 2438.99, 3337.76, 3499.06, 4185.71
395.39,104.23,241.26,25.58,55.07,320.95,302.68,-79.25,85.87,240.47,197.47,302.71,333.80,447.88,274.38,383.59,407.60,385.10,385.39,337.57,128.88,434.57,226.41,440.55,78.04,18.65,288.06,-33.99,-7.22,379.59,-165.30,494.02,479.96,-0.08,325.15,162.58,319.53,133.06,154.98,331.45,121.34,287.16,475.41,99.56,435.59,328.46,396.38,254.83,588.36,361.00,282.53,488.89,152.98,219.02,95.18,287.05,210.37,-102.83,409.78,506.73,303.29,231.72,317.90,118.03,223.25,-36.36,42.20,155.59,466.30,0.53,288.15,2.96,-23.75,324.05,188.74,200.11,255.38,87.61,51.83,-22.01,508.55,-173.13,186.97,95.79,509.19,183.87,235.69,295.40,9.95,-162.37,347.28,119.28,116.96,213.04,172.93,190.10,346.33,112.64,404.73,5.14,51.48,128.45,376.60,42.05,244.04,448.09,56.90,110.50,238.73,332.06,182.45,-101.35,-128.96,71.52,339.31,38.52,166.93,367.06,101.04,2.81,61.45,500.61,209.30,350.96,283.42,-13.80,49.54,107.07,196.86,541.47,152.11,0.00
-173.13,-165.30,-162.37,-128.96,-102.83,-101.35,-79.25,-36.36,-33.99,-23.75,-22.01,-13.80,-7.22,-0.08,0.00,0.53,2.81,2.96,5.14,9.95,18.65,25.58,38.52,42.05,42.20,49.54,51.48,51.83,55.07,56.90,61.45,71.52,78.04,85.87,87.61,95.18,95.79,99.56,101.04,104.23,107.07,110.50,112.64,116.96,118.03,119.28,121.34,128.45,128.88,133.06,152.11,152.98,154.98,155.59,162.58,166.93,172.93,182.45,183.87,186.97,188.74,190.10,196.86,197.47,200.11,209.30,210.37,213.04,219.02,223.25,226.41,231.72,235.69,238.73,240.47,241.26,244.04,254.83,255.38,274.38,282.53,283.42,287.05,287.16,288.06,288.15,295.40,302.68,302.71,303.29,317.90,319.53,320.95,324.05,325.15,328.46,331.45,332.06,333.80,337.57,339.31,346.33,347.28,350.96,361.00,367.06,376.60,379.59,383.59,385.10,385.39,395.39,396.38,404.73,407.60,409.78,434.57,435.59,440.55,447.88,448.09,466.30,475.41,479.96,488.89,494.02,500.61,506.73,508.55,509.19,541.47,588.36

GBPJPY 
22 1.22 
30.1k 119/132 90% TP64 SL -640 http://trade.raitis.co.uk/6/108470/0/10850/buy/GBPJPY/0.1
2153.29, 3400.77, 3054.53, 3688.90, 4118.92, 1737.48, 1638.80, 2296.95, 2840.87, 2394.36, 3674.86
203.43,4.66,193.11,320.84,-74.90,191.08,358.50,298.60,100.80,77.78,219.88,259.52,176.50,37.36,331.47,467.26,416.36,420.40,172.77,470.94,325.96,241.66,162.04,178.05,673.16,427.39,161.82,195.94,233.55,263.69,207.93,22.39,415.46,336.87,-1.59,117.93,488.25,333.17,344.04,466.98,196.45,292.42,186.66,406.83,289.29,262.65,374.09,48.05,384.57,330.00,195.35,211.84,255.67,316.62,960.00,439.67,252.09,313.17,84.31,375.62,166.23,390.71,218.67,68.31,-97.50,-20.10,152.48,105.64,196.17,2.73,27.02,527.12,-47.47,392.50,-109.96,342.70,406.55,177.65,138.03,211.15,-167.49,360.59,133.21,-198.65,179.30,30.93,236.56,274.73,322.60,29.37,-120.73,461.63,202.92,-8.25,331.52,356.37,17.64,342.77,400.05,155.40,318.13,129.93,244.55,18.50,299.01,315.47,57.63,541.78,160.70,317.82,181.69,198.09,-102.07,65.18,357.94,136.67,-75.24,460.39,140.48,552.71,233.09,184.60,95.84,338.56,389.71,267.22,261.52,180.61,681.46,658.24,384.00,0.00
-198.65,-167.49,-120.73,-109.96,-102.07,-97.50,-75.24,-74.90,-47.47,-20.10,-8.25,-1.59,0.00,2.73,4.66,17.64,18.50,22.39,27.02,29.37,30.93,37.36,48.05,57.63,65.18,68.31,77.78,84.31,95.84,100.80,105.64,117.93,129.93,133.21,136.67,138.03,140.48,152.48,155.40,160.70,161.82,162.04,166.23,172.77,176.50,177.65,178.05,179.30,180.61,181.69,184.60,186.66,191.08,193.11,195.35,195.94,196.17,196.45,198.09,202.92,203.43,207.93,211.15,211.84,218.67,219.88,233.09,233.55,236.56,241.66,244.55,252.09,255.67,259.52,261.52,262.65,263.69,267.22,274.73,289.29,292.42,298.60,299.01,313.17,315.47,316.62,317.82,318.13,320.84,322.60,325.96,330.00,331.47,331.52,333.17,336.87,338.56,342.70,342.77,344.04,356.37,357.94,358.50,360.59,374.09,375.62,384.00,384.57,389.71,390.71,392.50,400.05,406.55,406.83,415.46,416.36,420.40,427.39,439.67,460.39,461.63,466.98,467.26,470.94,488.25,527.12,541.78,552.71,658.24,673.16,681.46,960.00

GBPCAD 
21 1.239
30k 114/132 86% TP52 SL -580 http://trade.raitis.co.uk/2/906.2/0/81.2/sell/GBPCAD/0.1
2363.30, 2108.38, 2261.92, 4089.50, 2954.66, 2960.74, 2603.10, 3461.12, 3007.84, 3614.85
-126.27,-110.53,47.94,327.04,152.64,189.54,-49.31,145.76,232.61,35.46,155.68,160.93,324.19,450.37,146.37,401.54,285.57,6.88,124.99,246.62,322.85,-39.81,-62.43,156.16,85.79,159.26,481.15,316.10,22.50,-152.58,522.21,115.20,224.96,19.68,-22.46,336.58,121.89,342.88,163.74,412.48,182.40,28.93,-198.14,-86.46,182.11,98.78,389.31,624.00,624.00,313.98,530.50,728.00,-34.34,467.33,697.28,-20.16,492.00,-189.57,180.35,300.13,232.29,522.05,143.84,-2.27,100.19,495.07,538.59,376.13,-101.95,91.39,131.14,428.19,125.12,110.98,236.93,189.44,321.38,673.63,287.14,115.04,205.02,486.69,-28.45,237.82,40.26,233.66,462.62,155.55,290.05,334.40,-61.60,341.57,254.21,60.38,112.16,379.84,385.63,505.92,510.40,142.75,213.28,277.60,336.54,279.49,94.75,-97.47,285.34,526.88,346.66,366.72,282.50,433.76,173.82,290.78,158.82,104.99,129.09,237.89,348.32,134.50,110.91,31.46,324.26,290.56,388.93,633.60,263.94,302.56,621.02,381.02,266.59,0.00
-198.14,-189.57,-152.58,-126.27,-110.53,-101.95,-97.47,-86.46,-62.43,-61.60,-49.31,-39.81,-34.34,-28.45,-22.46,-20.16,-2.27,0.00,6.88,19.68,22.50,28.93,31.46,35.46,40.26,47.94,60.38,85.79,91.39,94.75,98.78,100.19,104.99,110.91,110.98,112.16,115.04,115.20,121.89,124.99,125.12,129.09,131.14,134.50,142.75,143.84,145.76,146.37,152.64,155.55,155.68,156.16,158.82,159.26,160.93,163.74,173.82,180.35,182.11,182.40,189.44,189.54,205.02,213.28,224.96,232.29,232.61,233.66,236.93,237.82,237.89,246.62,254.21,263.94,266.59,277.60,279.49,282.50,285.34,285.57,287.14,290.05,290.56,290.78,300.13,302.56,313.98,316.10,321.38,322.85,324.19,324.26,327.04,334.40,336.54,336.58,341.57,342.88,346.66,348.32,366.72,376.13,379.84,381.02,385.63,388.93,389.31,401.54,412.48,428.19,433.76,450.37,462.62,467.33,481.15,486.69,492.00,495.07,505.92,510.40,522.05,522.21,526.88,530.50,538.59,621.02,624.00,624.00,633.60,673.63,697.28,728.00

USDCHF 
20 1.239
21.3k 124/132 94% TP38 SL -320 http://trade.raitis.co.uk/2/367.8/0/43.7/sell/USDCHF/0.1
1445.73, 2683.04, 2150.63, 1649.15, 2836.20, 1887.50, 1154.71, 1586.41, 1830.97, 1727.82, 2431.34
76.51,116.80,283.40,131.86,60.59,272.05,-7.68,-72.63,156.59,151.05,230.17,47.01,67.26,338.17,97.15,327.04,257.76,217.54,154.01,309.03,294.54,164.58,152.85,303.11,313.97,220.26,143.80,150.52,219.21,75.55,73.87,103.30,277.75,37.84,313.40,221.18,36.48,128.93,12.41,156.25,163.50,158.33,350.23,-243.74,308.42,124.63,195.18,258.55,428.16,337.07,76.68,140.50,320.75,63.90,153.13,352.01,538.26,94.19,39.63,291.93,212.67,213.47,263.79,-23.09,168.04,27.16,289.64,221.58,91.17,149.72,76.50,196.85,158.71,-299.30,336.78,193.48,121.62,165.84,220.10,192.47,90.89,-56.74,190.09,-159.23,8.73,76.70,87.42,31.04,79.60,220.70,67.80,121.73,227.32,335.04,231.55,98.77,23.36,73.48,212.06,235.03,73.55,241.22,99.33,289.10,142.59,50.42,271.65,119.18,126.27,71.09,153.77,213.47,210.23,116.55,23.10,163.36,101.71,124.23,300.26,123.77,23.94,272.54,49.50,222.15,196.05,329.09,139.92,209.97,435.99,338.29,213.91,0.00
-299.30,-243.74,-159.23,-72.63,-56.74,-23.09,-7.68,0.00,8.73,12.41,23.10,23.36,23.94,27.16,31.04,36.48,37.84,39.63,47.01,49.50,50.42,60.59,63.90,67.26,67.80,71.09,73.48,73.55,73.87,75.55,76.50,76.51,76.68,76.70,79.60,87.42,90.89,91.17,94.19,97.15,98.77,99.33,101.71,103.30,116.55,116.80,119.18,121.62,121.73,123.77,124.23,124.63,126.27,128.93,131.86,139.92,140.50,142.59,143.80,149.72,150.52,151.05,152.85,153.13,153.77,154.01,156.25,156.59,158.33,158.71,163.36,163.50,164.58,165.84,168.04,190.09,192.47,193.48,195.18,196.05,196.85,209.97,210.23,212.06,212.67,213.47,213.47,213.91,217.54,219.21,220.10,220.26,220.70,221.18,221.58,222.15,227.32,230.17,231.55,235.03,241.22,257.76,258.55,263.79,271.65,272.05,272.54,277.75,283.40,289.10,289.64,291.93,294.54,300.26,303.11,308.42,309.03,313.40,313.97,320.75,327.04,329.09,335.04,336.78,337.07,338.17,338.29,350.23,352.01,428.16,435.99,538.26





















TP AND SL AT THE END OF DAY
margin 286
USDCHF 1  M 30 4k    20 1.239 15.8k 81% 0.87 TP21(24)  SL-400(460)   http://trade.raitis.co.uk/1/460/0/24/sell/USDCHF/0.1  	-311.29, 1570.44, 1023.56, 1679.27
USDJPY 50 M 30 1.5k  21 1.19  10.5k 80% 0.59 TP28(47)  SL-300(508)   http://trade.raitis.co.uk/1/508/0/47/sell/USDJPY/0.1       -204.97, 1043.06, 513.60, 1140.35
USDCAD 5  M 30 1k    20 1.26  15.2k 88% 0.64 TP30(47)  SL-300(470)   http://trade.raitis.co.uk/1/470/0/47/sell/USDCAD/0.1      	-130.18, 1955.33, 849.60, 1218.18
USDZAR 47 E 20 6.9K  21 1.239 22.3k 81% 0.05 TP38(760) SL-420(8400)  http://trade.raitis.co.uk/1/8400/0/760/sell/USDZAR/0.1    	-294.38, 2957.52, 1785.00, 1773.12
2
USDSEK 27 E 20 4K    18 1.271 15.6k 87% 0.08 TP26(325) SL-350(4375)  http://trade.raitis.co.uk/1/4375/0/325/sell/USDSEK/0.1    	-108.76, 1095.69, 1468.95, 1747.27
USDPLN 44 E 20 4.5K  23 1.271 15.4k 82% 0.18 TP26(145) SL-400(2222)  http://trade.raitis.co.uk/1/2222/0/145/sell/USDPLN/0.1     -241.60, 1323.41, 940.16,  1704.87
USDNOK 26 E 20 3.1K  22 1.2   9.6k  60% 0.08 TP40(500) SL-400(5000)  not added                                                  -556.44, 3458.14, 1251.16, 2902.99 (large neg in all early years)
USDHUF 42 E 20 3.3K  23 1.271 15.2k 89% 0.21 TP14(67)  SL-380(1810)  http://trade.raitis.co.uk/1/1810/0/67/sell/USDHUF/0.1      -209.20, 1837.84, 1182.51, 2805.24

margin 290
EURUSD 2  M 30 1.4k  21 1.239 15.7k 77% 0.86 TP18(21)  SL-350(407)   http://trade.raitis.co.uk/1/407/0/21/sell/EURUSD/0.1       -252.93, 1214.06, 1214.49, 2132.71
EURCHF 3  M 30 2.9k  20 1.19  9.1k  64% 0.87 TP11(13)  SL-200(230)   http://trade.raitis.co.uk/1/230/0/13/sell/EURCHF/0.1       -207.41, 287.88,  854.86,  876.70
EURGBP 8  M 30 0.7k  25 1.26  16.5k 86% 1    TP40(40)  SL-300(300)   http://trade.raitis.co.uk/1/300/0/40/sell/EURGBP/0.1       -230.30, 1587.40, 1091.40, 1527.20
EURJPY 48 M 30 1.6k  21 1.22  15.3k 83% 0.59 TP22(37)  SL-300(508)   http://trade.raitis.co.uk/1/508/0/37/sell/EURJPY/0.1       -199.07, 1452.28, 1076.34, 1453.94
2
EURCAD 15 S 30 1.1k  21 1.2   16.3k 77% 0.64 TP14(22)   SL-300(470)   http://trade.raitis.co.uk/1/470/0/22/sell/EURCAD/0.1      -332.99, 1981.31, 754.43, 1036.16
EURNOK 16 S 20 3K    23 1.2   5k    61% 8.4  TP20(2.38) SL-450(53.57) not added                                                 -444.75, 1596.49, 787.08, 1101.40 (large neg in all early years)
EURZAR 36 E 20 3.3K  25 1.27  26k   83% 0.05 TP50(1000) SL-400(8000)  http://trade.raitis.co.uk/1/8000/0/1000/sell/EURZAR/0.1   -371.88, 2837.05, 2749.19,1843.92
EURTRY 35 E 20 3.6K           10k                                     not added   

margin 333
GBPUSD 4  M 30 4.5k  20 1.22  26k   86% 0.86 TP45(53) SL-400(465)  http://trade.raitis.co.uk/1/0/0/0/sell/GBPUSD/0.1          -365.76, 4021.19, 1749.93, 2401.38
GBPCHF 9  M 30 2.7k  21 1.239 21.3k 79% 0.87 TP28(33) SL-400(460)  http://trade.raitis.co.uk/1/460/0/33/sell/GBPCHF/0.1                1748.27, 874.00,  1479.52
GBPJPY 49 M 30 11.5k 22 1.22  24k   82% 0.59 TP40(68) SL-500(847)  http://trade.raitis.co.uk/1/84700/0/6800/sell/GBPJPY/0.1   -350.70, 2331.80, 1923.93, 2274.75
GBPCAD 20 S 30 1.9k  21 1.239 20k   79% 0.64 TP20(31) SL-300(470)  http://trade.raitis.co.uk/1/470/0/31/sell/GBPCAD/0.1       -391.87, 2226.75, 2376.77, 3159.49

margin 290
CHFJPY 53 S 30 1.7k  19 1.22  12.4k 80% 0.59 TP28(47) SL-200(340)  http://trade.raitis.co.uk/1/340/0/47/sell/CHFJPY/0.1       -219.01, 1307.68, 1403.49, 2963.27
margin 250 
NZDJPY 54 S 20 3.6K  20 1.22  13k   84% 0.59 TP21(36) SL-200(339)  http://trade.raitis.co.uk/1/339/0/36/sell/NZDJPY/0.1       -202.43, 1616.66, 1717.14, 1844.69
margin 213
CADCHF 13 S 30 2.33k 22 1.218 12.1k 80% 0.87 TP36(41) SL-440(506)  http://trade.raitis.co.uk/1/506/0/41/sell/CADCHF/0.1       -196.88, 1190.07, 1050.00, 992.23
margin 280
AUDUSD 6  M 20 0.3k  21 1.23  15.7k 84% 0.86 TP23(27) SL-320(372)  http://trade.raitis.co.uk/1/372/0/27/sell/AUDUSD/0.1       -164.69, 1671.32, 1005.51, 1503.97

ORDINARY TP AND SL

USDCHF 21.2k 93% TP38 SL -220 http://trade.raitis.co.uk/2/253/0/44/sell/USDCHF/0.1      -299.30, 1830.97, 1727.82, 2261.46 6
USDJPY 14.4k 85% TP30 SL -220 http://trade.raitis.co.uk/2/373/0/51/sell/USDJPY/0.1      -173.70, 770.88,  736.14,  1241.88
USDCAD 19.5k 86% TP30 SL -220 http://trade.raitis.co.uk/2/344/0/47/sell/USDCAD/0.1      -147.42, 1894.46, 1099.26, 2162.48
USDZAR 31.2K 84% TP80 SL -280 http://trade.raitis.co.uk/2/5600/0/1600/sell/USDZAR/0.1   -183.14, 4864.44, 3335.60, 3139.44

USDSEK 22.4k 92% TP46 SL -220 http://trade.raitis.co.uk/2/2750/0/575/sell/USDSEK/0.1    -107.25, 2507.45, 1828.48, 2020.56
USDPLN 20.8k 93% TP32 SL -220 http://trade.raitis.co.uk/2/1222/0/178/sell/USDPLN/0.1    -134.58, 2201.14, 1889.33, 1282.31
USDNOK 15.9k 70% TP60 SL -220 http://trade.raitis.co.uk/2/2750/0/750/sell/USDNOK/0.1    -556.44, 3890.55, 1611.95, 3953.27
USDHUF 19.8k 91% TP44 SL -220 http://trade.raitis.co.uk/2/1048/0/209/sell/USDHUF/0.1    -245.02, 1408.11, 2015.80, 2541.34

cc
EURCHF 10.9k 78% TP20 SL -100 http://trade.raitis.co.uk/2/115/0/30/sell/EURCHF/0.1      -171.42, 864.11,  1309.26, 1189.69 not added
EURGBP 21.1k 89% TP44 SL -250 http://trade.raitis.co.uk/2/300/0/40/sell/EURGBP/0.1   	-135.10, 2404.90, 1516.60, 1784.50
EURJPY 15.3k 89% TP34 SL -250 http://trade.raitis.co.uk/2/424/0/58/sell/EURJPY/0.1      -128.98, 1546.84, 1706.11, 1711.59

EURCAD 22.5k 86% TP38 SL -220 http://trade.raitis.co.uk/2/344/0/60/sell/EURCAD/0.1     	-195.28, 1688.34, 1054.94, 1991.78
EURNOK 13.2k 70% TP34 SL -220 http://trade.raitis.co.uk/2/2700/0/400/sell/EURNOK/0.1    -350.56, 3258.84, 1438.91, 1731.33
EURZAR 36.3k 95% TP50 SL -300 http://trade.raitis.co.uk/2/6000/0/1000/sell/EURZAR/0.1   -115.41, 3517.81, 3831.35, 3696.37 only six month negative in 10 y 
EURTRY not added   

GBPUSD 35k   89% TP68 SL -400 http://trade.raitis.co.uk/2/465/0/80/sell/GBPUSD/0.1               4865.85, 3078.98, 3408.01 1
GBPCHF 27.5k 88% TP50 SL -300 http://trade.raitis.co.uk/2/345/0/57/sell/GBPCHF/0.1               2354.31, 1666.95, 2541.46 2
GBPJPY 30k   89% TP64 SL -350 http://trade.raitis.co.uk/2/593/0/108/sell/GBPJPY/0.1     -198.65, 2928.04, 2499.34, 3310.86 3
GBPCAD 30k   86% TP50 SL -200 http://trade.raitis.co.uk/2/312/0/78/sell/GBPCAD/0.1   	-206.14, 3308.58, 3157.95, 3568.03 4

CHFJPY 16.7k 88% TP34 SL -400 http://trade.raitis.co.uk/2/678/0/58/sell/CHFJPY/0.1    	-182.91, 872.11,  1073.28, 1517.40
NZDJPY 17.5k 87% TP30 SL -200 http://trade.raitis.co.uk/2/339/0/51/sell/NZDJPY/0.1      -187.19, 1390.97, 1730.33, 1598.37
CADCHF 16.7k 86% TP46 SL -260 http://trade.raitis.co.uk/2/299/0/53/sell/CADCHF/0.1      -144.12, 1144.08, 1235.73, 1502.53
AUDUSD 22.2k 89% TP46 SL -220 http://trade.raitis.co.uk/2/256/0/53/sell/AUDUSD/0.1      -221.29, 2364.90, 1488.23, 1829.82

curl -X POST http://trade.raitis.co.uk/1/0/0/0/sell/USDCHF/0.1  
curl -X POST http://trade.raitis.co.uk/1/0/0/0/sell/USDJPY/0.1    
curl -X POST http://trade.raitis.co.uk/1/0/0/0/sell/USDCAD/0.1     
curl -X POST http://trade.raitis.co.uk/1/0/0/0/sell/USDZAR/0.1  
curl -X POST http://trade.raitis.co.uk/1/0/0/0/sell/USDSEK/0.1   
curl -X POST http://trade.raitis.co.uk/1/0/0/0/sell/USDPLN/0.1   
curl -X POST http://trade.raitis.co.uk/1/0/0/0/sell/USDNOK/0.1  
curl -X POST http://trade.raitis.co.uk/1/0/0/0/sell/USDHUF/0.1  
curl -X POST http://trade.raitis.co.uk/1/0/0/0/sell/EURUSD/0.1      	
curl -X POST http://trade.raitis.co.uk/1/0/0/0/sell/EURCHF/0.1     
curl -X POST http://trade.raitis.co.uk/1/0/0/0/sell/EURGBP/0.1   	
curl -X POST http://trade.raitis.co.uk/1/0/0/0/sell/EURJPY/0.1    
curl -X POST http://trade.raitis.co.uk/1/0/0/0/sell/EURCAD/0.1     
curl -X POST http://trade.raitis.co.uk/1/0/0/0/sell/EURNOK/0.1        
curl -X POST http://trade.raitis.co.uk/1/0/0/0/sell/EURZAR/0.1   
curl -X POST http://trade.raitis.co.uk/1/0/0/0/sell/GBPUSD/0.1             
curl -X POST http://trade.raitis.co.uk/1/0/0/0/sell/GBPCHF/0.1              
curl -X POST http://trade.raitis.co.uk/1/0/0/0/sell/GBPJPY/0.1 
curl -X POST http://trade.raitis.co.uk/1/0/0/0/sell/GBPCAD/0.1   
curl -X POST http://trade.raitis.co.uk/1/0/0/0/sell/CHFJPY/0.1    	
curl -X POST http://trade.raitis.co.uk/1/0/0/0/sell/NZDJPY/0.1     
curl -X POST http://trade.raitis.co.uk/1/0/0/0/sell/CADCHF/0.1    
curl -X POST http://trade.raitis.co.uk/1/0/0/0/sell/AUDUSD/0.1    

curl -X POST http://trade.raitis.co.uk/2/253/0/44/sell/USDCHF/0.1  
curl -X POST http://trade.raitis.co.uk/2/373/0/51/sell/USDJPY/0.1    
curl -X POST http://trade.raitis.co.uk/2/344/0/47/sell/USDCAD/0.1     
curl -X POST http://trade.raitis.co.uk/2/5600/0/1600/sell/USDZAR/0.1  
curl -X POST http://trade.raitis.co.uk/2/2750/0/575/sell/USDSEK/0.1   
curl -X POST http://trade.raitis.co.uk/2/1222/0/178/sell/USDPLN/0.1   
curl -X POST http://trade.raitis.co.uk/2/2750/0/750/sell/USDNOK/0.1  
curl -X POST http://trade.raitis.co.uk/2/1048/0/209/sell/USDHUF/0.1  
curl -X POST http://trade.raitis.co.uk/2/290/0/58/sell/EURUSD/0.1      	
curl -X POST http://trade.raitis.co.uk/2/115/0/30/sell/EURCHF/0.1     
curl -X POST http://trade.raitis.co.uk/2/300/0/40/sell/EURGBP/0.1   	
curl -X POST http://trade.raitis.co.uk/2/424/0/58/sell/EURJPY/0.1    
curl -X POST http://trade.raitis.co.uk/2/344/0/60/sell/EURCAD/0.1     
curl -X POST http://trade.raitis.co.uk/2/2700/0/400/sell/EURNOK/0.1        
curl -X POST http://trade.raitis.co.uk/2/6000/0/1000/sell/EURZAR/0.1   
curl -X POST http://trade.raitis.co.uk/2/465/0/80/sell/GBPUSD/0.1             
curl -X POST http://trade.raitis.co.uk/2/345/0/57/sell/GBPCHF/0.1              
curl -X POST http://trade.raitis.co.uk/2/593/0/108/sell/GBPJPY/0.1 
curl -X POST http://trade.raitis.co.uk/2/312/0/78/sell/GBPCAD/0.1   
curl -X POST http://trade.raitis.co.uk/2/678/0/58/sell/CHFJPY/0.1    	
curl -X POST http://trade.raitis.co.uk/2/339/0/51/sell/NZDJPY/0.1     
curl -X POST http://trade.raitis.co.uk/2/299/0/53/sell/CADCHF/0.1    
curl -X POST http://trade.raitis.co.uk/2/256/0/53/sell/AUDUSD/0.1    

1H Test
GBPUSD
curl -X POST http://trade.raitis.co.uk/6/233/0/12.79/sell/GBPUSD/0.1  

TP: 11	SL: -200 18/24 75% 10.6k 2020.27, 8589.44

-171.88,232.52,-33.80,-173.94,5.42,-398.80,-78.34,504.88,465.46,505.49,723.70,439.56,608.00,396.33,818.88,668.01,1008.52,834.93,908.48,810.90,925.78,1259.89,349.71,0.00
-398.80,-173.94,-171.88,-78.34,-33.80,0.00,5.42,232.52,349.71,396.33,439.56,465.46,504.88,505.49,608.00,668.01,723.70,810.90,818.88,834.93,908.48,925.78,1008.52,1259.89

January: -200 / -171.88
February: 270 / 232.52
March: -39 / -33.80
April: -202 / -173.94
May: 6 / 5.42
June: -464 / -398.80
July: -91 / -78.34
August: 587 / 504.88
September: 541 / 465.46
October: 588 / 505.49
November: 842 / 723.70
December: 511 / 439.56

January: 707 / 608.00
February: 461 / 396.33
March: 952 / 818.88
April: 777 / 668.01
May: 1173 / 1008.52
June: 971 / 834.93
July: 1056 / 908.48
August: 943 / 810.90
September: 1076 / 925.78
October: 1465 / 1259.89
November: 407 / 349.71
December: 0 / 0.00

4H Test
GBPUSD 24.1 21 1.217 90% TP23(26.7) SL -260(302) http://trade.raitis.co.uk/9/302/0/26.7/sell/GBPUSD/0.1 -320.02, 134.24, 4050.03, 4310.81, 5304.60, 4136.95, 6237.07
curl -X POST http://trade.raitis.co.uk/9/302/0/26.7/sell/GBPUSD/0.1

DROPPED OUT
GBPZAR 39 E 20 5.2K 

MA
-GBPJPY 11K TP300 SL-50 49c
-GBPUSD 4.5K TP50 sl-350 4

GBPCHF 2.7K TP0 SL-250 small k
USDCHF 3.9K TP300 SL-300 all profit in two years, only one last year positive
EURCHF 2.9k tp50 SL-150 all prof in one year, last years positive 

E
-USDZAR 6.9K TP300 SL-125 47
-USDTRY 3.7K TP300 sl-25 46
-USDPLN 4.5K TP300 SL-125 44 last year huge 2.5k, 4 small negative y, large biggest negative
GBPZAR 5.2K TP300 SL-75 even, but this y negative
EURTRY 3.6K TP250 SL-75 small k
-CHFHUF 3.8K TP200 SL-150 28 small k

USDHUF 3.3K TP100 SL-200 even, last y notpositiveif TP higher
EURZAR 3,3 TP350 SK-100 this y and 2020 negative

MI
-USDSEK 4K TP150 SL-200 27 this y huge
USDNOK 3.1K TP40 SL-50 small k
-EURNOK 3K TP250 SL-175 16 small k

NZDJPY 3.6K TP400 SL-125 even, but 2020 and 2021negative


COMBINED
- 30k common, seperate 41
GBPJPY(11k) + USDCHF 4k = -1k
GBPJPY(11k) + EURUSD 1.4k = -1k
GBPJPY(11k) + EURCHF 1.3k = -1k
GBPJPY(11k) + GBPUSD 4.5k = +1.5k very specific TP and SL
GBPJPY(11k) + USDCAD 1k = -1k
GBPJPY(11k) + AUDUSD 0.3k = -1.5k
GBPJPY(11k) + NZDUSD 0 = -2k
GBPJPY(11k) + EURGBP 0.3k 0 0k
GBPJPY(11k) + GBPCHF 2.7k = 0k
GBPJPY(11k) + EURJPY 1.6k = +0.5k
GBPJPY(11k) + CHFHUF 4k = -1k
GBPJPY(11k) + CHFPLN 1.6k = 0k
GBPJPY(11k) + EURCZK 0.8k = -1k
GBPJPY(11k) + EURMXN 2k = -4k
GBPJPY(11k) + EURTRY 3.5k = -1k 
GBPJPY(11k) + EURTRY 0.8k = -4k


EURUSD
GBPUSD
GBPCHF
GBPJPY
GBPCAD
USDCHF

EURUSD 23.3k 112/132 85% TP50 SL -410 http://trade.raitis.co.uk/2/476.7/0/58.1/sell/EURUSD/0.1 	
3215.99, 1675.17, 1889.35, 2252.51, 3975.52, 1901.85, 1914.92, 1008.35, 1523.66, 1443.80, 2744.64
106.50,147.18,546.70,314.88,221.55,456.00,123.36,156.24,337.13,259.05,265.74,281.66,-98.04,177.11,43.03,409.32,440.78,-163.35,134.59,126.59,380.36,-33.23,302.01,-44.00,-71.78,39.83,133.44,52.61,219.47,122.65,-87.89,98.45,527.18,-46.67,600.00,302.05,-164.26,375.15,35.15,102.32,141.36,243.70,488.60,15.75,292.84,77.79,302.06,342.04,597.63,327.88,497.88,257.22,338.54,22.82,549.86,325.46,245.80,368.35,182.30,261.76,-19.30,233.75,157.77,7.41,219.14,29.00,18.68,540.63,-98.28,324.51,240.61,247.94,225.35,433.28,202.18,49.60,121.84,237.36,88.54,-19.16,134.64,293.81,57.81,89.66,41.64,120.59,158.55,77.81,61.56,36.74,199.43,111.16,-83.64,-18.03,9.55,293.00,192.74,57.17,394.22,81.53,-45.86,191.50,271.10,95.34,-39.75,190.80,20.28,114.58,-76.82,142.93,234.35,177.64,-99.49,197.20,-3.32,178.33,-64.86,206.85,282.97,268.03,437.20,133.81,222.26,284.86,149.93,314.91,168.56,71.64,262.21,349.26,350.00,0.00
-164.26,-163.35,-99.49,-98.28,-98.04,-87.89,-83.64,-76.82,-71.78,-64.86,-46.67,-45.86,-44.00,-39.75,-33.23,-19.30,-19.16,-18.03,-3.32,0.00,7.41,9.55,15.75,18.68,20.28,22.82,29.00,35.15,36.74,39.83,41.64,43.03,49.60,52.61,57.17,57.81,61.56,71.64,77.79,77.81,81.53,88.54,89.66,95.34,98.45,102.32,106.50,111.16,114.58,120.59,121.84,122.65,123.36,126.59,133.44,133.81,134.59,134.64,141.36,142.93,147.18,149.93,156.24,157.77,158.55,168.56,177.11,177.64,178.33,182.30,190.80,191.50,192.74,197.20,199.43,202.18,206.85,219.14,219.47,221.55,222.26,225.35,233.75,234.35,237.36,240.61,243.70,245.80,247.94,257.22,259.05,261.76,262.21,265.74,268.03,271.10,281.66,282.97,284.86,292.84,293.00,293.81,302.01,302.05,302.06,314.88,314.91,324.51,325.46,327.88,337.13,338.54,342.04,349.26,350.00,368.35,375.15,380.36,394.22,409.32,433.28,437.20,440.78,456.00,488.60,497.88,527.18,540.63,546.70,549.86,597.63,600.00

GBPUSD 35k  116/132  89% TP68 SL -530 http://trade.raitis.co.uk/2/616.3/0/79/sell/GBPUSD/0.1
3942.11, 2412.12, 1306.65, 2971.07, 3133.96, 2541.31, 3614.10, 3320.12, 4865.85, 3078.98, 3382.53
289.12,325.47,671.92,338.82,-83.58,409.75,612.34,368.64,298.63,305.69,205.95,199.36,-7.76,310.73,169.46,457.77,29.22,405.05,406.46,53.90,543.54,-171.88,154.70,60.92,274.04,-32.34,83.11,90.99,45.21,119.63,67.94,62.21,371.42,-170.24,175.77,218.91,272.52,174.36,166.05,471.30,-135.41,107.94,296.63,-38.15,649.58,411.29,381.54,213.41,120.07,340.93,501.43,207.47,671.97,-103.36,541.97,197.47,61.03,-219.76,315.39,499.34,544.66,580.49,423.86,-70.92,154.98,-35.14,316.93,-311.58,499.74,-143.70,32.75,549.25,140.71,777.58,190.39,301.88,429.59,126.06,335.10,291.69,217.57,323.44,105.93,374.17,614.41,84.18,542.94,340.89,289.46,221.97,-37.55,274.92,226.51,138.10,397.10,227.19,212.81,707.89,306.12,418.90,524.22,617.74,400.12,-78.42,440.14,616.24,314.17,385.93,577.00,252.99,273.87,121.47,10.87,144.69,427.41,136.26,352.13,245.08,99.29,437.93,104.73,197.92,487.27,137.47,85.49,261.14,146.93,267.24,574.82,822.97,296.54,0.00
-311.58,-219.76,-171.88,-170.24,-143.70,-135.41,-103.36,-83.58,-78.42,-70.92,-38.15,-37.55,-35.14,-32.34,-7.76,0.00,10.87,29.22,32.75,45.21,53.90,60.92,61.03,62.21,67.94,83.11,84.18,85.49,90.99,99.29,104.73,105.93,107.94,119.63,120.07,121.47,126.06,136.26,137.47,138.10,140.71,144.69,146.93,154.70,154.98,166.05,169.46,174.36,175.77,190.39,197.47,197.92,199.36,205.95,207.47,212.81,213.41,217.57,218.91,221.97,226.51,227.19,245.08,252.99,261.14,267.24,272.52,273.87,274.04,274.92,289.12,289.46,291.69,296.54,296.63,298.63,301.88,305.69,306.12,310.73,314.17,315.39,316.93,323.44,325.47,335.10,338.82,340.89,340.93,352.13,368.64,371.42,374.17,381.54,385.93,397.10,400.12,405.05,406.46,409.75,411.29,418.90,423.86,427.41,429.59,437.93,440.14,457.77,471.30,487.27,499.34,499.74,501.43,524.22,541.97,542.94,543.54,544.66,549.25,574.82,577.00,580.49,612.34,614.41,616.24,617.74,649.58,671.92,671.97,707.89,777.58,822.97

GBPCHF 27.6k 117/132 89% TP56 SL -510 http://trade.raitis.co.uk/2/586.2/0/64.4/sell/GBPCHF/0.1
1610.10, 1680.14, 2019.47, 2113.55, 2192.43, 2231.33, 2326.94, 2438.99, 3337.76, 3499.06, 4185.71
395.39,104.23,241.26,25.58,55.07,320.95,302.68,-79.25,85.87,240.47,197.47,302.71,333.80,447.88,274.38,383.59,407.60,385.10,385.39,337.57,128.88,434.57,226.41,440.55,78.04,18.65,288.06,-33.99,-7.22,379.59,-165.30,494.02,479.96,-0.08,325.15,162.58,319.53,133.06,154.98,331.45,121.34,287.16,475.41,99.56,435.59,328.46,396.38,254.83,588.36,361.00,282.53,488.89,152.98,219.02,95.18,287.05,210.37,-102.83,409.78,506.73,303.29,231.72,317.90,118.03,223.25,-36.36,42.20,155.59,466.30,0.53,288.15,2.96,-23.75,324.05,188.74,200.11,255.38,87.61,51.83,-22.01,508.55,-173.13,186.97,95.79,509.19,183.87,235.69,295.40,9.95,-162.37,347.28,119.28,116.96,213.04,172.93,190.10,346.33,112.64,404.73,5.14,51.48,128.45,376.60,42.05,244.04,448.09,56.90,110.50,238.73,332.06,182.45,-101.35,-128.96,71.52,339.31,38.52,166.93,367.06,101.04,2.81,61.45,500.61,209.30,350.96,283.42,-13.80,49.54,107.07,196.86,541.47,152.11,0.00
-173.13,-165.30,-162.37,-128.96,-102.83,-101.35,-79.25,-36.36,-33.99,-23.75,-22.01,-13.80,-7.22,-0.08,0.00,0.53,2.81,2.96,5.14,9.95,18.65,25.58,38.52,42.05,42.20,49.54,51.48,51.83,55.07,56.90,61.45,71.52,78.04,85.87,87.61,95.18,95.79,99.56,101.04,104.23,107.07,110.50,112.64,116.96,118.03,119.28,121.34,128.45,128.88,133.06,152.11,152.98,154.98,155.59,162.58,166.93,172.93,182.45,183.87,186.97,188.74,190.10,196.86,197.47,200.11,209.30,210.37,213.04,219.02,223.25,226.41,231.72,235.69,238.73,240.47,241.26,244.04,254.83,255.38,274.38,282.53,283.42,287.05,287.16,288.06,288.15,295.40,302.68,302.71,303.29,317.90,319.53,320.95,324.05,325.15,328.46,331.45,332.06,333.80,337.57,339.31,346.33,347.28,350.96,361.00,367.06,376.60,379.59,383.59,385.10,385.39,395.39,396.38,404.73,407.60,409.78,434.57,435.59,440.55,447.88,448.09,466.30,475.41,479.96,488.89,494.02,500.61,506.73,508.55,509.19,541.47,588.36

GBPJPY 30.1k 119/132 90% TP64 SL -640 http://trade.raitis.co.uk/6/108470/0/10850/buy/GBPJPY/0.1
2153.29, 3400.77, 3054.53, 3688.90, 4118.92, 1737.48, 1638.80, 2296.95, 2840.87, 2394.36, 3674.86
203.43,4.66,193.11,320.84,-74.90,191.08,358.50,298.60,100.80,77.78,219.88,259.52,176.50,37.36,331.47,467.26,416.36,420.40,172.77,470.94,325.96,241.66,162.04,178.05,673.16,427.39,161.82,195.94,233.55,263.69,207.93,22.39,415.46,336.87,-1.59,117.93,488.25,333.17,344.04,466.98,196.45,292.42,186.66,406.83,289.29,262.65,374.09,48.05,384.57,330.00,195.35,211.84,255.67,316.62,960.00,439.67,252.09,313.17,84.31,375.62,166.23,390.71,218.67,68.31,-97.50,-20.10,152.48,105.64,196.17,2.73,27.02,527.12,-47.47,392.50,-109.96,342.70,406.55,177.65,138.03,211.15,-167.49,360.59,133.21,-198.65,179.30,30.93,236.56,274.73,322.60,29.37,-120.73,461.63,202.92,-8.25,331.52,356.37,17.64,342.77,400.05,155.40,318.13,129.93,244.55,18.50,299.01,315.47,57.63,541.78,160.70,317.82,181.69,198.09,-102.07,65.18,357.94,136.67,-75.24,460.39,140.48,552.71,233.09,184.60,95.84,338.56,389.71,267.22,261.52,180.61,681.46,658.24,384.00,0.00
-198.65,-167.49,-120.73,-109.96,-102.07,-97.50,-75.24,-74.90,-47.47,-20.10,-8.25,-1.59,0.00,2.73,4.66,17.64,18.50,22.39,27.02,29.37,30.93,37.36,48.05,57.63,65.18,68.31,77.78,84.31,95.84,100.80,105.64,117.93,129.93,133.21,136.67,138.03,140.48,152.48,155.40,160.70,161.82,162.04,166.23,172.77,176.50,177.65,178.05,179.30,180.61,181.69,184.60,186.66,191.08,193.11,195.35,195.94,196.17,196.45,198.09,202.92,203.43,207.93,211.15,211.84,218.67,219.88,233.09,233.55,236.56,241.66,244.55,252.09,255.67,259.52,261.52,262.65,263.69,267.22,274.73,289.29,292.42,298.60,299.01,313.17,315.47,316.62,317.82,318.13,320.84,322.60,325.96,330.00,331.47,331.52,333.17,336.87,338.56,342.70,342.77,344.04,356.37,357.94,358.50,360.59,374.09,375.62,384.00,384.57,389.71,390.71,392.50,400.05,406.55,406.83,415.46,416.36,420.40,427.39,439.67,460.39,461.63,466.98,467.26,470.94,488.25,527.12,541.78,552.71,658.24,673.16,681.46,960.00

GBPCAD 30k 114/132 86% TP52 SL -580 http://trade.raitis.co.uk/2/906.2/0/81.2/sell/GBPCAD/0.1
2363.30, 2108.38, 2261.92, 4089.50, 2954.66, 2960.74, 2603.10, 3461.12, 3007.84, 3614.85
-126.27,-110.53,47.94,327.04,152.64,189.54,-49.31,145.76,232.61,35.46,155.68,160.93,324.19,450.37,146.37,401.54,285.57,6.88,124.99,246.62,322.85,-39.81,-62.43,156.16,85.79,159.26,481.15,316.10,22.50,-152.58,522.21,115.20,224.96,19.68,-22.46,336.58,121.89,342.88,163.74,412.48,182.40,28.93,-198.14,-86.46,182.11,98.78,389.31,624.00,624.00,313.98,530.50,728.00,-34.34,467.33,697.28,-20.16,492.00,-189.57,180.35,300.13,232.29,522.05,143.84,-2.27,100.19,495.07,538.59,376.13,-101.95,91.39,131.14,428.19,125.12,110.98,236.93,189.44,321.38,673.63,287.14,115.04,205.02,486.69,-28.45,237.82,40.26,233.66,462.62,155.55,290.05,334.40,-61.60,341.57,254.21,60.38,112.16,379.84,385.63,505.92,510.40,142.75,213.28,277.60,336.54,279.49,94.75,-97.47,285.34,526.88,346.66,366.72,282.50,433.76,173.82,290.78,158.82,104.99,129.09,237.89,348.32,134.50,110.91,31.46,324.26,290.56,388.93,633.60,263.94,302.56,621.02,381.02,266.59,0.00
-198.14,-189.57,-152.58,-126.27,-110.53,-101.95,-97.47,-86.46,-62.43,-61.60,-49.31,-39.81,-34.34,-28.45,-22.46,-20.16,-2.27,0.00,6.88,19.68,22.50,28.93,31.46,35.46,40.26,47.94,60.38,85.79,91.39,94.75,98.78,100.19,104.99,110.91,110.98,112.16,115.04,115.20,121.89,124.99,125.12,129.09,131.14,134.50,142.75,143.84,145.76,146.37,152.64,155.55,155.68,156.16,158.82,159.26,160.93,163.74,173.82,180.35,182.11,182.40,189.44,189.54,205.02,213.28,224.96,232.29,232.61,233.66,236.93,237.82,237.89,246.62,254.21,263.94,266.59,277.60,279.49,282.50,285.34,285.57,287.14,290.05,290.56,290.78,300.13,302.56,313.98,316.10,321.38,322.85,324.19,324.26,327.04,334.40,336.54,336.58,341.57,342.88,346.66,348.32,366.72,376.13,379.84,381.02,385.63,388.93,389.31,401.54,412.48,428.19,433.76,450.37,462.62,467.33,481.15,486.69,492.00,495.07,505.92,510.40,522.05,522.21,526.88,530.50,538.59,621.02,624.00,624.00,633.60,673.63,697.28,728.00

USDCHF 21.3k 124/132 94% TP38 SL -320 http://trade.raitis.co.uk/2/367.8/0/43.7/sell/USDCHF/0.1
1445.73, 2683.04, 2150.63, 1649.15, 2836.20, 1887.50, 1154.71, 1586.41, 1830.97, 1727.82, 2431.34
76.51,116.80,283.40,131.86,60.59,272.05,-7.68,-72.63,156.59,151.05,230.17,47.01,67.26,338.17,97.15,327.04,257.76,217.54,154.01,309.03,294.54,164.58,152.85,303.11,313.97,220.26,143.80,150.52,219.21,75.55,73.87,103.30,277.75,37.84,313.40,221.18,36.48,128.93,12.41,156.25,163.50,158.33,350.23,-243.74,308.42,124.63,195.18,258.55,428.16,337.07,76.68,140.50,320.75,63.90,153.13,352.01,538.26,94.19,39.63,291.93,212.67,213.47,263.79,-23.09,168.04,27.16,289.64,221.58,91.17,149.72,76.50,196.85,158.71,-299.30,336.78,193.48,121.62,165.84,220.10,192.47,90.89,-56.74,190.09,-159.23,8.73,76.70,87.42,31.04,79.60,220.70,67.80,121.73,227.32,335.04,231.55,98.77,23.36,73.48,212.06,235.03,73.55,241.22,99.33,289.10,142.59,50.42,271.65,119.18,126.27,71.09,153.77,213.47,210.23,116.55,23.10,163.36,101.71,124.23,300.26,123.77,23.94,272.54,49.50,222.15,196.05,329.09,139.92,209.97,435.99,338.29,213.91,0.00
-299.30,-243.74,-159.23,-72.63,-56.74,-23.09,-7.68,0.00,8.73,12.41,23.10,23.36,23.94,27.16,31.04,36.48,37.84,39.63,47.01,49.50,50.42,60.59,63.90,67.26,67.80,71.09,73.48,73.55,73.87,75.55,76.50,76.51,76.68,76.70,79.60,87.42,90.89,91.17,94.19,97.15,98.77,99.33,101.71,103.30,116.55,116.80,119.18,121.62,121.73,123.77,124.23,124.63,126.27,128.93,131.86,139.92,140.50,142.59,143.80,149.72,150.52,151.05,152.85,153.13,153.77,154.01,156.25,156.59,158.33,158.71,163.36,163.50,164.58,165.84,168.04,190.09,192.47,193.48,195.18,196.05,196.85,209.97,210.23,212.06,212.67,213.47,213.47,213.91,217.54,219.21,220.10,220.26,220.70,221.18,221.58,222.15,227.32,230.17,231.55,235.03,241.22,257.76,258.55,263.79,271.65,272.05,272.54,277.75,283.40,289.10,289.64,291.93,294.54,300.26,303.11,308.42,309.03,313.40,313.97,320.75,327.04,329.09,335.04,336.78,337.07,338.17,338.29,350.23,352.01,428.16,435.99,538.26


curl -X POST http://trade.raitis.co.uk/2/476.7/0/58.1/sell/EURUSD/0.1
curl -X POST http://trade.raitis.co.uk/2/616.3/0/79/sell/GBPUSD/0.1
curl -X POST http://trade.raitis.co.uk/2/586.2/0/64.4/sell/GBPCHF/0.1
curl -X POST http://trade.raitis.co.uk/6/108470/0/10850/buy/GBPJPY/0.1
curl -X POST http://trade.raitis.co.uk/2/906.2/0/81.2/sell/GBPCAD/0.1
curl -X POST http://trade.raitis.co.uk/2/367.8/0/43.7/sell/USDCHF/0.1

"USDCHF", "USDJPY", "USDCAD", "USDZAR", 
"USDSEK", "USDPLN", "USDNOK", "USDHUF", 
"EURUSD", "EURCHF", "EURGBP", "EURJPY", 
"EURCAD", "EURNOK", "EURZAR", "EURTRY",
"GBPUSD", "GBPCHF", "GBPJPY", "GBPCAD",
"CHFJPY", "NZDJPY", "CADCHF", "AUDUSD"





